============================
Hi there 👋. Looks like you are running TensorFlow.js in Node.js. To speed things up dramatically, install our node back
end, which binds to TensorFlow C++, by running npm i @tensorflow/tfjs-node, or npm i @tensorflow/tfjs-node-gpu if you h
ave CUDA. Then call require('@tensorflow/tfjs-node'); (-gpu suffix for CUDA) at the start of your program. Visit https:
//github.com/tensorflow/tfjs-node for more details.
============================

_________________________________________________________________
Layer (type)                 Output shape              Param #   
=================================================================
dense_Dense1 (Dense)         [null,10]                 50        
_________________________________________________________________
dense_Dense2 (Dense)         [null,3]                  33        
=================================================================
Total params: 83
Trainable params: 83
Non-trainable params: 0
_________________________________________________________________
1.1653910398483276
0.9100670539415799
0.6877455867253817
0.5716622902796819
0.5051030473067211
0.45389327727831325
0.40764992053692156
0.3663194491313054
0.3242225967920743
0.28994927498010487
0.259875063254283
0.2320086249938378
0.21127201888996822
0.19087463571475102
0.17394989958176246
Tensor
    [[0.0209742, 0.1473975, 0.8316283],
     [0.0289851, 0.0681259, 0.9028889],
     [0.9755196, 0.0001231, 0.0243574],
     [0.0002349, 0.9535303, 0.0462349],
     [0.9863553, 0.0000638, 0.0135808],
     [0.0297133, 0.1038579, 0.8664289],
     [0.0316499, 0.0724571, 0.895893 ],
     [0.0273295, 0.0818326, 0.890838 ],
     [0.9835036, 0.000078 , 0.0164182],
     [0.0173731, 0.205675 , 0.7769518],
     [0.9613039, 0.0001986, 0.0384975],
     [0.9817376, 0.0000879, 0.0181745],
     [0.9851919, 0.0000683, 0.01474  ],
     [0.0165912, 0.1995276, 0.7838811]]
